x
-1 1
1 0 0.443322
2 0.000604114 0.977887
3 0 0.403308
4 0 0.6137550000000001
5 0 0.87261
6 0 0.39186
7 0.0023816 0.209208
8 0 0.350505
9 0 0.401578
10 0 0.269791
11 0 0.231542
12 0 0.48694
13 0.00169891 0.162813
14 0.000245054 0.294072
15 0 0.16011
16 0 0.259781
17 0 0.267124
18 0 0.140218
19 0 0.108299
20 0 0.22866
21 0 0.10096
22 0 0.199743
23 0 0.194373
24 0 0.107803
25 0.000668229 0.079067
26 0 0.145675
27 0 0.154755
28 0 0.0776844
29 0 0.0918119
30 0 0.183367
31 0.000598394 0.0703573
32 0 0.146396
33 0 0.0704838
34 0 0.142424
35 0 0.126602
36 0 0.07250479999999999
37 0.000257079 0.09671540000000001
38 0 0.144831
39 0 0.0628648
40 0 0.116533
41 0 0.157574
42 0 0.0502434
43 0.000457601 0.0550423
44 0.000189535 0.0910533
45 0 0.0665539
46 0.000289509 0.0853052
47 0 0.0859528
48 0 0.09513629999999999
49 0.000177988 0.0732648
50 0 0.105619
51 0 0.0504252
52 0 0.0934733
53 0 0.108466
54 0 0.0411271
55 0.000127049 0.0594376
56 0 0.0938131
57 0 0.06787849999999999
58 0 0.0686687
59 0 0.095773
60 0 0.0326684
61 0.00166333 0.0542363
62 0 0.06962400000000001
63 0 0.0559665
64 0.000233138 0.0540706
65 0 0.0731658
66 0 0.0544076
67 0.000519179 0.0496494
68 0 0.0752134
69 0 0.0565518
70 0 0.0532791
71 0 0.0743769
72 0 0.0285229
73 0 0.0507526
74 0 0.0676123
75 0 0.0719241
76 0 0.0558256
77 0 0.06342879999999999
78 0 0.0281631
79 0.00156623 0.0698848
80 0.000221774 0.0474461
81 0 0.0373657
82 0 0.0408015
83 0 0.0381541
84 0 0.0507247
85 0.000607666 0.0375629
86 0 0.057965
87 0 0.0509004
88 0 0.0497743
89 0 0.0537247
90 0 0.0237195
91 0.0006241 0.0446251
92 0 0.123684
93 0 0.0584104
94 0 0.049491
95 0 0.0947935
96 0 0.0853695
97 0.000375134 0.0586907
98 0.000262296 0.0484698
99 0 0.0786795
100 0 0.0687967
101 0 0.038872
102 0 0.0636743
103 0.000490692 0.035252
104 0 0.0717039
105 0 0.0364797
106 0 0.0445061
107 0 0.0622697
108 0 0.0494917
109 0.000211924 0.0537693
110 0.00061905 0.0639251
111 0 0.113955
112 0.000382265 0.0406074
113 0.000100654 0.08064250000000001
114 0 0.101791
115 0.000637335 0.0589001
116 0 0.062431
117 0 0.0639585
118 0.000369735 0.0545287
119 0.0005698879999999999 0.0426503
120 0.000283071 0.0517721
121 0.000675495 0.0430634
122 0.000560759 0.0486238
123 0 0.0755571
124 0.00034601 0.0370027
125 9.31941e-05 0.0578433
126 0 0.06749189999999999
127 0.000558918 0.0500949
128 0.000368191 0.0452854
129 0.000527547 0.071994
130 0.00039559 0.0340931
131 0 0.0473101
132 0 0.06535920000000001
133 0.00124211 0.0583946
134 0 0.045915
135 0 0.0448127
136 0.000686077 0.0443358
137 0.00100766 0.029856
138 0 0.038697
139 0.000529638 0.0405108
140 0.00032754 0.0362017
141 0.000472558 0.0545365
142 0.000359555 0.0304943
143 0 0.0368439
144 0 0.0495106
145 0.000112898 0.0215042
146 0 0.0470399
147 0 0.0195046
148 0 0.0318962
149 0 0.0407147
150 0 0.0249541
151 0.000190119 0.0484409
152 0 0.0308632
153 0 0.0331893
154 0 0.0505538
155 0 0.0222775
156 0 0.029664
157 0 0.0201351
158 0 0.0361012
159 0 0.0178914
160 0 0.0299306
161 0 0.0312468
162 0 0.0204707
163 0 0.0255437
164 1.60392e-05 0.0802981
165 0 0.0183108
166 0 0.0392732
167 3.18532e-05 0.0606736
168 0 0.0209288
169 0.000479188 0.0383568
170 0 0.0267632
171 0 0.0513337
172 0 0.0458017
173 0 0.0261324
174 0 0.0633961
175 0.000199363 0.0232685
176 1.49938e-05 0.0558573
177 0 0.0169534
178 0 0.0284199
179 3.00539e-05 0.042206
180 0 0.0164868
181 0.000878892 0.030262
182 0 0.0838991
183 0 0.0282502
184 6.27646e-05 0.055865
185 0.000301278 0.0523958
186 0 0.0434985
187 0.000405392 0.0386243
188 9.00863e-05 0.0242072
189 0 0.0514803
190 4.71606e-05 0.0378323
191 2.8155e-05 0.0215192
192 0 0.0634386
193 0 0.025656
194 0 0.058562
195 0 0.0217749
196 5.43751e-05 0.0394427
197 0.00028193 0.0395312
198 0 0.0303622
199 0.00115079 0.0325255
200 0.000301392 0.0488488
201 8.250900000000001e-05 0.0220295
202 0.000274094 0.0326972
203 0.000365783 0.0430523
204 0 0.0301118
205 0.0009886579999999999 0.0291273
206 5.25512e-05 0.0211718
207 0 0.0439254
208 0.000143639 0.0298984
209 0.000131075 0.020925
210 4.99572e-05 0.0559343
211 0.00115613 0.029758
212 0.000279706 0.0378448
213 7.88916e-05 0.0203102
214 0.00023758 0.0275123
215 0.000349257 0.0337273
216 0 0.0233811
217 0 0.0200235
218 0 0.0199087
219 0 0.0158737
220 0 0.019767
221 0 0.0192506
222 0 0.0192893
223 0 0.0177264
224 0 0.0350935
225 0 0.0203408
226 0 0.0144937
227 0 0.0389749
228 0 0.0215241
229 5.70755e-05 0.0165809
230 0 0.0190182
231 0 0.013612
232 0 0.0190342
233 0 0.0183504
234 0 0.016541
235 9.8834e-05 0.0159024
236 7.51361e-06 0.0234747
237 0 0.0199145
238 0.000123752 0.0200252
239 5.47426e-05 0.0188322
240 0 0.0165672
241 9.477430000000001e-05 0.0239948
242 0 0.0129966
243 0 0.009215350000000001
244 5.46965e-05 0.0184532
245 0 0.0152562
246 0 0.00699048
247 0 0.0133544
248 7.07102e-06 0.0210334
249 0 0.0179444
250 0.00012231 0.0188834
251 5.46337e-05 0.0168737
252 0 0.0149282
253 0.000104905 0.0122633
254 0.000175203 0.014836
255 0 0.0160725
256 6.694989999999999e-05 0.0143747
257 7.04624e-05 0.0195552
258 0 0.0146588
259 3.40205e-05 0.0157038
260 0 0.015688
261 0 0.0155882
262 7.84637e-06 0.0152509
263 0 0.0122004
264 0 0.00707263
265 0.00012848 0.0111084
266 0.000174364 0.0137266
267 0 0.014742
268 6.64388e-05 0.0130302
269 6.842320000000001e-05 0.0177261
270 0 0.0134453
271 0.000103853 0.0113882
272 9.97874e-05 0.012899
273 0 0.0146909
274 4.86403e-05 0.0177446
275 0.000178338 0.0192414
276 0 0.015032
277 3.48206e-05 0.0140006
278 0.000142783 0.0180148
279 0 0.0151639
280 3.10841e-05 0.0176519
281 5.22751e-05 0.0131089
282 0.000192336 0.00923946
283 8.250999999999999e-05 0.0105272
284 9.54759e-05 0.011996
285 0 0.0135072
286 4.57703e-05 0.0167391
287 0.000174751 0.0174805
288 0 0.0138208
289 5.73902e-05 0.008618539999999999
290 1.3994e-05 0.0166866
291 0 0.00723902
292 0 0.0140828
293 0 0.0153465
294 0 0.008917639999999999
295 6.43672e-05 0.0117953
296 4.18482e-05 0.0180497
297 0 0.0162087
298 0 0.0122008
299 0 0.0198675
300 0 0.0184102
301 3.16301e-05 0.00844282
302 1.29734e-05 0.0160467
303 0 0.00675235
304 0 0.0137358
305 0 0.0147517
306 0 0.00826722
307 3.91784e-05 0.00855378
308 0 0.0273318
309 0 0.0106597
310 1.47236e-05 0.0129048
311 0 0.0192365
312 0 0.0119145
313 0.00018601 0.0216928
314 4.54409e-05 0.0265534
315 0 0.00660433
316 0.000221305 0.0217486
317 1.84153e-05 0.0171273
318 0 0.00594008
319 3.18026e-05 0.00909108
320 0 0.0231909
321 0 0.009971890000000001
322 1.42078e-05 0.0125014
323 0 0.0163221
324 0 0.0113445
325 3.73229e-05 0.0165862
326 4.34012e-05 0.0159889
327 0 0.00979153
328 0 0.0136086
329 0.000217003 0.0122354
330 0 0.0101254
331 0.000204079 0.0173087
332 0 0.0182445
333 6.13197e-05 0.0116713
334 0 0.0139161
335 2.31056e-05 0.026979
336 0 0.00602863
337 0 0.0151224
338 4.33317e-05 0.0148295
339 0 0.00915498
340 0 0.0120102
341 0.000216656 0.0113482
342 0 0.00956078
343 8.03322e-05 0.0269173
344 0.000105526 0.0152875
345 0 0.0143137
346 0 0.022351
347 1.70261e-05 0.0137915
348 0 0.0122359
349 0 0.0173871
350 0.000295298 0.0213127
351 7.8538e-05 0.0081254
352 5.11008e-05 0.0185053
353 9.98525e-05 0.0261843
354 3.97294e-05 0.00745524
355 0.000137273 0.0239279
356 9.56819e-05 0.0140443
357 0 0.0131094
358 0 0.0202659
359 1.65737e-05 0.0126699
360 0 0.0112065
361 0 0.658176
362 0 0.992495
363 0 0.554017
364 0 0.706919
365 0 0.979065
366 0 0.646491
367 0 0.227699
368 0 0.301185
369 0 0.469993
370 0 0.302824
371 0 0.440508
372 0 0.475025
373 0 0.254231
374 0 0.309782
375 0 0.21438
376 0 0.219337
377 0 0.30357
378 0 0.247596
379 0 0.220061
380 0 0.236748
381 0 0.124393
382 0 0.166943
383 0 0.229857
384 0 0.175612
385 0 0.08946949999999999
386 0 0.135335
387 0 0.174353
388 0 0.155537
389 0 0.131293
390 0 0.192617
391 0 0.140653
392 0 0.157443
393 0 0.086227
394 0 0.11995
395 0 0.148544
396 0 0.123517
397 0 0.171942
398 0 0.167625
399 0 0.151702
400 0 0.14829
401 0 0.287733
402 0 0.0836353
403 0 0.111162
404 0 0.110331
405 0 0.09905559999999999
406 0 0.226585
407 0 0.0649753
408 0 0.137096
409 0 0.113558
410 0 0.123969
411 0 0.110785
412 0 0.0981522
413 0 0.157156
414 0 0.0676216
415 0 0.103821
416 0 0.108648
417 0 0.0943372
418 0 0.0898897
419 0 0.0959853
420 0 0.0611458
421 0 0.0947909
422 0 0.0914235
423 0 0.0821289
424 0 0.0530463
425 0 0.0411185
426 0 0.090087
427 0 0.07542500000000001
428 0 0.08769109999999999
429 0 0.0762999
430 0 0.0663241
431 0 0.0710855
432 0 0.0527584
433 0 0.07732550000000001
434 0 0.07265580000000001
435 0 0.0524074
436 0 0.0638422
437 0 0.0723104
438 0 0.0467261
439 0 0.0472565
440 0 0.0813957
441 0 0.0590014
442 0 0.0504506
443 0 0.0496432
444 0 0.0663753
445 0 0.0573539
446 0 0.0629208
447 0 0.0399274
448 0 0.0552462
449 0 0.06279469999999999
450 0 0.0408803
451 0 0.07200529999999999
452 0 0.134336
453 0 0.0584224
454 0 0.0855655
455 0 0.124708
456 0 0.0726576
457 0 0.0497111
458 0 0.06327729999999999
459 0 0.145001
460 0 0.06902949999999999
461 0 0.0466282
462 0 0.0695023
463 0 0.0435568
464 0 0.07777920000000001
465 0 0.0450401
466 0 0.0525806
467 0 0.0783238
468 0 0.0560145
469 0 0.11056
470 0 0.0406798
471 0 0.106112
472 0 0.0490889
473 0 0.11589
474 0 0.09629790000000001
475 0 0.0534464
476 0 0.0564909
477 0 0.088237
478 0 0.0533773
479 0 0.0710069
480 0 0.0481911
481 0 0.0804723
482 0 0.0365355
483 0 0.0713681
484 0 0.0436535
485 0 0.0732334
486 0 0.06476750000000001
487 0 0.0967421
488 0.000129797 0.0329876
489 0 0.066789
490 0 0.0531398
491 0 0.0579877
492 0 0.0581263
493 8.375430000000001e-05 0.0390066
494 0 0.0427232
495 0 0.0606435
496 0 0.0358497
497 0 0.0528609
498 0 0.0442911
499 0 0.0720437
500 0.000114156 0.0307432
501 0 0.0512319
502 0 0.0395731
503 0 0.0435193
504 0 0.044587
505 0 0.0222473
506 0 0.0553901
507 0 0.0243977
508 0 0.0431779
509 0 0.06499969999999999
510 0 0.024448
511 0 0.0708289
512 0 0.028269
513 0 0.052825
514 0 0.07712670000000001
515 0 0.0242492
516 0 0.0412945
517 0 0.0203626
518 0 0.0427336
519 0 0.0222917
520 0 0.0300329
521 0 0.0452113
522 0 0.0230283
523 0 0.0255206
524 3.40326e-05 0.0445907
525 0 0.0235464
526 0 0.0612865
527 0 0.0891692
528 0 0.0402837
529 0 0.0230016
530 0 0.0329016
531 0 0.0723659
532 0 0.0566799
533 0 0.0545516
534 0 0.0467849
535 0 0.023592
536 3.2107e-05 0.0368618
537 0 0.0220489
538 0 0.0413768
539 0 0.0602014
540 0 0.0365991
541 0 0.0316838
542 0 0.0468508
543 0 0.035165
544 0 0.0671133
545 0 0.0676221
546 0 0.0549457
547 0 0.0521771
548 0 0.0301682
549 0 0.0558992
550 0 0.056456
551 0 0.040392
552 0 0.0335186
553 0 0.0272097
554 0 0.0332131
555 0 0.0257122
556 0 0.0478061
557 0 0.0481686
558 0 0.0389517
559 0 0.0298357
560 0 0.0320605
561 0 0.0221873
562 0 0.0377124
563 0 0.0461969
564 0 0.038919
565 0 0.0475505
566 0 0.0324028
567 0 0.035731
568 0 0.0436324
569 0 0.0410321
570 0 0.0334335
571 0 0.0308958
572 0 0.0268353
573 0 0.0206422
574 0 0.0302528
575 0 0.0366901
576 0 0.030205
577 0 0.0162761
578 0 0.0254284
579 0 0.0191107
580 0 0.0147666
581 0 0.0230475
582 0 0.0145034
583 0 0.0118916
584 0 0.0180598
585 0 0.0239506
586 0 0.0135726
587 0 0.0230423
588 0 0.0271896
589 0 0.0135203
590 0 0.0239212
591 0 0.0180768
592 0 0.0141672
593 0 0.0219449
594 0 0.0138522
595 0 0.0299404
596 0 0.0105968
597 0 0.0150216
598 0 0.017399
599 0 0.00884365
600 0 0.014548
601 0 0.0103281
602 0 0.0168519
603 0 0.0126797
604 0 0.00635556
605 0 0.0130518
606 0 0.008426889999999999
607 0 0.024697
608 0 0.0102307
609 0 0.0142306
610 0 0.0164828
611 0 0.008669380000000001
612 0 0.0133461
613 0 0.0166515
614 0 0.0504301
615 0 0.0153259
616 0 0.018072
617 0 0.0414678
618 0 0.0244222
619 0 0.0156186
620 0 0.0132238
621 0 0.0274676
622 0 0.0155603
623 0 0.0114281
624 0 0.0270905
625 2.61273e-05 0.0154694
626 0 0.0413602
627 0 0.0146292
628 0 0.0161936
629 0 0.0340099
630 0 0.0228659
631 0 0.0148831
632 0 0.0288532
633 0 0.0161956
634 0 0.08094369999999999
635 0 0.0293236
636 0 0.0221428
637 0 0.02069
638 0 0.0179505
639 0 0.0373703
640 0 0.0198748
641 0 0.0479564
642 0 0.0319464
643 2.55633e-05 0.0132963
644 0 0.0241464
645 0 0.0150992
646 0 0.06754449999999999
647 0 0.0245401
648 0 0.0207479
649 0 0.0186078
650 0 0.0214094
651 0 0.0124736
652 0 0.0133676
653 0 0.0172486
654 0 0.0110177
655 0 0.00805414
656 0 0.0100355
657 0 0.0185546
658 0 0.00629143
659 0 0.0233641
660 0 0.0225235
661 0 0.00843792
662 0 0.0203484
663 0 0.0119951
664 0 0.0128897
665 0 0.016598
666 0 0.0107148
667 0 0.0166576
668 0 0.013033
669 0 0.0162278
670 0 0.0126782
671 0 0.0124155
672 0 0.008594310000000001
673 0 0.0107182
674 0 0.0247771
675 0 0.0109403
676 0 0.00962389
677 0 0.0146044
678 0 0.014805
679 0 0.0136872
680 0 0.012645
681 0 0.0155717
682 0 0.0118631
683 0 0.0117659
684 0 0.00818167
685 0 0.0242166
686 0 0.0209357
687 0 0.0141052
688 0 0.0300984
689 0 0.0177957
690 0 0.0108185
691 0 0.0139637
692 0 0.0366686
693 0 0.0245324
694 0 0.00864496
695 0 0.0529203
696 0 0.012756
697 0 0.0205276
698 0 0.0167781
699 0 0.0135249
700 0 0.0241212
701 0 0.0142617
702 0 0.0104158
703 0 0.017336
704 7.071330000000001e-05 0.0137479
705 0 0.0125873
706 0 0.01828
707 0 0.015711
708 0 0.0111039
709 0 0.0102653
710 0 0.03025
711 0 0.009008169999999999
712 0 0.0120817
713 0 0.0433798
714 0 0.0165069
715 3.74393e-05 0.015882
716 6.58569e-05 0.0128021
717 0 0.0120774
718 0 0.0170245
719 0 0.0146302
720 0 0.0106554
721 0 0.757363
722 0 0.944156
723 0 0.496233
724 0 0.634012
725 0 0.908088
726 0 0.601355
727 0 0.298409
728 0 0.539138
729 0 0.458759
730 0 0.263541
731 0 0.358994
732 0 0.495469
733 0 0.24666
734 0 0.306325
735 0 0.198259
736 0 0.270728
737 0 0.290145
738 0 0.203595
739 0 0.180799
740 0 0.219165
741 0 0.133694
742 0 0.203384
743 0 0.222458
744 0 0.156079
745 0 0.0973922
746 0 0.22009
747 0 0.189491
748 0 0.103193
749 0 0.213684
750 0 0.18554
751 0 0.163255
752 0 0.135162
753 0 0.0947706
754 0 0.145737
755 0 0.147476
756 0 0.112313
757 0 0.111112
758 0 0.128517
759 0 0.0840289
760 0 0.122641
761 0 0.147356
762 0 0.07530770000000001
763 0.000535301 0.08206769999999999
764 0 0.158933
765 0 0.0587565
766 0 0.103057
767 0 0.190213
768 0 0.114417
769 0 0.078226
770 0 0.0925131
771 0 0.0652934
772 0 0.09951119999999999
773 0 0.109175
774 0 0.0627413
775 0 0.0884853
776 0 0.07867689999999999
777 0 0.06323090000000001
778 0 0.0927805
779 0 0.0954657
780 0 0.0568662
781 0 0.0825365
782 0 0.138569
783 0 0.0288545
784 0 0.07541680000000001
785 0 0.171273
786 0 0.062233
787 0.00012242 0.0712489
788 0 0.06250600000000001
789 0 0.0538016
790 0 0.0718086
791 0 0.07784919999999999
792 0 0.0497732
793 0 0.08057449999999999
794 0 0.100003
795 0 0.103013
796 0 0.0608895
797 0 0.0725148
798 0 0.0456159
799 0 0.102457
800 0 0.0958377
801 0 0.0509427
802 0 0.06813900000000001
803 0 0.083678
804 0 0.0851126
805 0 0.0444818
806 0 0.0804192
807 0 0.0654848
808 0 0.0538123
809 0 0.0619098
810 0 0.0395695
811 0 0.0764309
812 0 0.10868
813 0 0.09973650000000001
814 0 0.0526743
815 0 0.0807548
816 0 0.106549
817 0 0.0802016
818 0 0.129712
819 0 0.0549192
820 0 0.07027609999999999
821 0 0.06587510000000001
822 0 0.0667398
823 0 0.0368896
824 0 0.06593640000000001
825 0 0.06605370000000001
826 0 0.0474332
827 0 0.0587449
828 0 0.07734820000000001
829 0 0.0582418
830 0 0.136554
831 0 0.124423
832 0 0.0452325
833 0 0.104673
834 0 0.116605
835 6.28309e-05 0.0758554
836 0 0.08790580000000001
837 0 0.0660376
838 0 0.0801607
839 0 0.047366
840 0 0.0685344
841 0.000137763 0.0483529
842 0 0.08680309999999999
843 0 0.080972
844 0 0.0392528
845 0 0.0665376
846 0 0.0838993
847 0 0.07255499999999999
848 0 0.0633079
849 0 0.0785434
850 0 0.0443269
851 0 0.0491033
852 0 0.0818831
853 0 0.09541719999999999
854 0 0.0675029
855 0 0.0547064
856 0 0.0681351
857 0 0.0433052
858 0 0.0426665
859 8.36297e-05 0.052394
860 0 0.0457147
861 0 0.0601969
862 0 0.0348966
863 0 0.0361231
864 0 0.0636689
865 0 0.0271129
866 0 0.0922285
867 0 0.0235173
868 0 0.0346218
869 0 0.0330828
870 0 0.0317719
871 0 0.07050579999999999
872 0 0.033533
873 0 0.0371477
874 0 0.0284787
875 0 0.0379482
876 0 0.0335608
877 0 0.0260999
878 0 0.0752998
879 0 0.0215134
880 0 0.0324857
881 0 0.0304344
882 0 0.0277589
883 0 0.117279
884 0 0.201222
885 0 0.0219495
886 0 0.0328447
887 0 0.0301666
888 0 0.0214049
889 0 0.153882
890 0 0.0340278
891 0 0.0205475
892 0 0.024619
893 0 0.033161
894 0 0.0937779
895 0 0.0820178
896 0 0.123257
897 0 0.020295
898 0 0.0307218
899 0 0.0281815
900 0 0.019861
901 0 0.051333
902 0 0.216537
903 0 0.053804
904 0 0.0359351
905 0 0.0738692
906 0 0.0293545
907 0 0.13379
908 0 0.0323812
909 0 0.0768182
910 0 0.0264723
911 0 0.0417553
912 0 0.104772
913 0 0.036993
914 0 0.143253
915 0 0.0412641
916 0 0.0305948
917 0 0.0489867
918 0 0.0238522
919 0 0.0509
920 0 0.120368
921 0 0.0457389
922 0 0.0365202
923 0 0.0514618
924 0 0.0272957
925 5.78493e-05 0.0973416
926 0 0.0333346
927 0 0.0610671
928 0 0.0239515
929 0 0.0210673
930 0 0.0790061
931 0 0.0381274
932 0 0.0927029
933 0 0.0355369
934 0 0.0318359
935 0 0.0376643
936 0 0.0250033
937 0 0.0245527
938 0 0.0310462
939 0 0.0271051
940 0 0.0239676
941 0 0.0328797
942 0 0.0309613
943 0 0.0257853
944 0 0.0584564
945 0 0.0222333
946 0 0.0262447
947 0 0.0581844
948 0 0.020594
949 0 0.0185811
950 0 0.0267412
951 0 0.0215698
952 0 0.0229436
953 0 0.0283205
954 0 0.0246384
955 0 0.0190139
956 0 0.0339251
957 0 0.0273573
958 0 0.0239934
959 0 0.0299544
960 0 0.0226686
961 6.50532e-05 0.0353019
962 0 0.0244287
963 0 0.0127916
964 0 0.030978
965 0 0.0186581
966 0 0.008733869999999999
967 0 0.0168049
968 0 0.0293375
969 0 0.0239387
970 0 0.0225476
971 0 0.0259038
972 0 0.0198359
973 0 0.0198065
974 0 0.0243516
975 0 0.0211846
976 0 0.0202161
977 0 0.0236958
978 0 0.0193393
979 0 0.0239993
980 0 0.029453
981 0 0.0139985
982 0 0.0227536
983 0 0.0159072
984 0 0.010677
985 0 0.0169923
986 0 0.0217563
987 0 0.0190596
988 0 0.0191612
989 0 0.0211704
990 0 0.0176829
991 0 0.0193022
992 3.50967e-05 0.020324
993 0 0.0188382
994 0 0.0223236
995 0 0.0192202
996 0 0.0192755
997 0 0.0193421
998 0 0.0318963
999 0 0.0134168
1000 0 0.0191032
1001 0 0.0159013
1002 0 0.020474
1003 0 0.0157464
1004 3.38551e-05 0.0184358
1005 0 0.0171075
1006 0 0.0207982
1007 0 0.0174345
1008 0 0.0175047
1009 0 0.0135511
1010 0 0.0177749
1011 0 0.0109046
1012 0 0.0180703
1013 0 0.0198471
1014 0 0.0118068
1015 0 0.0152016
1016 0 0.0265522
1017 0 0.016981
1018 0 0.0176076
1019 0 0.0285918
1020 0 0.0173002
1021 0 0.0134811
1022 0 0.016171
1023 0 0.009859049999999999
1024 0 0.0175113
1025 0 0.0180563
1026 0 0.0106748
1027 0 0.0165228
1028 0 0.120918
1029 0 0.0168299
1030 0 0.0487421
1031 0 0.07875989999999999
1032 0 0.0232612
1033 0 0.08931219999999999
1034 4.37039e-05 0.0347391
1035 0 0.0120705
1036 0 0.0777641
1037 0 0.0307605
1038 0 0.0125501
1039 0 0.0148436
1040 0 0.07467650000000001
1041 0 0.0160458
1042 0 0.030102
1043 0 0.0486404
1044 0 0.0168473
1045 0 0.0329869
1046 0 0.0240497
1047 0 0.0187225
1048 0 0.0245072
1049 0 0.0224244
1050 0 0.0211559
1051 0 0.028725
1052 0 0.0244952
1053 0 0.0100292
1054 0 0.031914
1055 0 0.0210232
1056 0 0.00767374
1057 0 0.0211232
1058 0 0.0213776
1059 0 0.0168561
1060 0 0.0208812
1061 0 0.019933
1062 0 0.0180258
1063 0 0.0548295
1064 1.56747e-05 0.0207949
1065 0 0.0256014
1066 0 0.0341609
1067 0 0.023803
1068 0 0.021943
1069 0 0.0284431
1070 0 0.0331015
1071 0 0.0107756
1072 0 0.0315278
1073 0 0.0489368
1074 0 0.00810842
1075 0 0.0451197
1076 1.51678e-05 0.0184747
1077 0 0.0225665
1078 0 0.0287626
1079 0 0.0211471
1080 0 0.018904
1081 0 0.701925
1082 0 1
1083 0 0.533866
1084 0 0.849779
1085 0 0.815002
1086 0 0.679091
1087 0 0.444451
1088 0 0.851178
1089 0 0.40275
1090 0 0.423351
1091 0 0.850706
1092 0 0.221893
1093 0 0.321811
1094 0 0.219346
1095 0 0.212672
1096 0 0.296395
1097 0 0.253789
1098 0 0.251949
1099 0 0.275574
1100 0 0.140407
1101 0 0.130264
1102 0 0.279512
1103 0 0.223644
1104 0 0.170513
1105 0 0.213547
1106 0 0.452892
1107 0 0.146264
1108 0 0.187319
1109 0 0.395783
1110 0 0.0719861
1111 0 0.166701
1112 0 0.08908530000000001
1113 0 0.0925618
1114 0 0.169774
1115 0 0.135615
1116 0 0.119385
1117 0 0.224844
1118 0 0.212396
1119 0 0.120939
1120 0 0.180733
1121 0 0.479104
1122 0 0.112715
1123 0 0.130451
1124 0 0.393686
1125 0 0.139628
1126 0 0.352882
1127 0 0.30282
1128 0 0.0686758
1129 0 0.156316
1130 0 0.111462
1131 0 0.0782636
1132 0 0.13289
1133 0 0.228155
1134 0 0.0921742
1135 0 0.175125
1136 0 0.0543048
1137 0 0.101621
1138 0 0.148536
1139 0 0.179438
1140 0 0.07801909999999999
1141 0 0.177379
1142 0 0.289248
1143 0 0.0509076
1144 0 0.167398
1145 0 0.247179
1146 0 0.0449088
1147 0 0.128581
1148 0 0.0415261
1149 0 0.0819493
1150 0 0.122131
1151 0 0.129081
1152 0 0.06717289999999999
1153 0 0.14598
1154 0 0.0589446
1155 0 0.101373
1156 0 0.082527
1157 0 0.0687205
1158 0 0.0718729
1159 0 0.120916
1160 0 0.158073
1161 0 0.0502767
1162 0 0.059835
1163 0 0.116323
1164 0 0.0157818
1165 0 0.0659772
1166 0 0.0467745
1167 0 0.0736811
1168 0 0.0729862
1169 0 0.0577931
1170 0 0.0554026
1171 0 0.106911
1172 0 0.121675
1173 0 0.192085
1174 0 0.0842528
1175 0 0.252586
1176 0 0.314715
1177 0 0.112705
1178 0 0.0888569
1179 0 0.248841
1180 0 0.126008
1181 0 0.162276
1182 0 0.0761237
1183 0 0.0539168
1184 0 0.0761512
1185 0 0.108431
1186 0 0.07460559999999999
1187 0 0.139435
1188 0 0.171244
1189 0 0.214841
1190 0 0.0453615
1191 0 0.0981861
1192 0 0.130781
1193 0 0.234821
1194 0 0.24771
1195 0 0.114825
1196 0 0.108403
1197 0 0.149721
1198 0 0.11234
1199 0 0.190661
1200 0 0.0431791
1201 0 0.13659
1202 0 0.0385033
1203 0 0.0640686
1204 0 0.07503940000000001
1205 0 0.138281
1206 0 0.155842
1207 0 0.185486
1208 0 0.109723
1209 0 0.095056
1210 0 0.137389
1211 0 0.188898
1212 0 0.161041
1213 0 0.09292549999999999
1214 0 0.149559
1215 0 0.0929497
1216 0 0.169384
1217 0 0.15725
1218 0 0.0404604
1219 0 0.123366
1220 0 0.0666617
1221 0 0.0539577
1222 0 0.0773532
1223 0 0.114764
1224 0 0.118257
1225 0 0.047341
1226 0 0.108486
1227 0 0.0602375
1228 0 0.0459288
1229 0 0.0604792
1230 0 0.0508303
1231 0 0.0540523
1232 0 0.0900552
1233 0 0.0350444
1234 0 0.0793249
1235 0 0.0769027
1236 0 0.066174
1237 0 0.0263485
1238 0 0.0727315
1239 0 0.0489277
1240 0 0.0418561
1241 0 0.0521855
1242 0 0.0340777
1243 0 0.0409072
1244 0 0.072489
1245 0 0.0607577
1246 0 0.09491670000000001
1247 0 0.145895
1248 0 0.0406972
1249 0 0.0428448
1250 0 0.0380183
1251 0 0.0958997
1252 0 0.162789
1253 0 0.08497929999999999
1254 0 0.0434652
1255 0 0.024536
1256 0 0.0508707
1257 0 0.0402006
1258 0 0.0641041
1259 0 0.09284539999999999
1260 0 0.0289608
1261 0 0.0745934
1262 0 0.0654247
1263 0 0.0685525
1264 0 0.0826071
1265 0 0.145453
1266 0 0.083088
1267 0 0.0543516
1268 0 0.0420029
1269 0 0.08275739999999999
1270 0 0.119251
1271 0 0.0757963
1272 0 0.0345379
1273 0 0.0550313
1274 0 0.0500286
1275 0 0.0549727
1276 0 0.0574746
1277 0 0.108305
1278 0 0.0577848
1279 0 0.0580092
1280 0 0.0374647
1281 0 0.0419553
1282 0 0.0655077
1283 0 0.116351
1284 0 0.05659
1285 0 0.0500004
1286 0 0.0411846
1287 0 0.0600467
1288 0 0.0939734
1289 0 0.07685450000000001
1290 0 0.0272496
1291 0 0.0459856
1292 0 0.0328319
1293 0 0.0356072
1294 0 0.0497383
1295 0 0.0903018
1296 0 0.0437762
1297 0 0.0197594
1298 0 0.0305441
1299 0 0.025257
1300 0 0.0251335
1301 0 0.0317763
1302 0 0.0188911
1303 0 0.0289916
1304 0 0.0306988
1305 0 0.0226017
1306 0 0.0338907
1307 0 0.07476919999999999
1308 0 0.0101483
1309 0 0.0212039
1310 0 0.026746
1311 0 0.0217834
1312 0 0.0241751
1313 0 0.027825
1314 0 0.016293
1315 0 0.0278586
1316 0 0.0132055
1317 0 0.0173889
1318 0 0.0251114
1319 0 0.0112032
1320 0 0.0171356
1321 0 0.0183172
1322 0 0.0218351
1323 0 0.0178807
1324 0 0.0060328
1325 0 0.0425678
1326 0 0.0130243
1327 0 0.0221934
1328 0 0.0127428
1329 0 0.0162573
1330 0 0.0232385
1331 0 0.0104938
1332 0 0.0158482
1333 0 0.0661479
1334 0 0.0468678
1335 0 0.0230844
1336 0 0.0148048
1337 0 0.0601051
1338 0 0.0251714
1339 0 0.0101417
1340 0 0.0377539
1341 0 0.0541435
1342 0 0.007857670000000001
1343 0 0.0427401
1344 0 0.045983
1345 0 0.0556281
1346 0 0.0381402
1347 0 0.0214847
1348 0 0.0141521
1349 0 0.0489125
1350 0 0.0238201
1351 0 0.0523573
1352 0 0.0945054
1353 0 0.0345066
1354 0 0.180221
1355 0 0.106641
1356 0 0.0543952
1357 0 0.0255995
1358 0 0.059854
1359 0 0.07005020000000001
1360 0 0.0283655
1361 0 0.101336
1362 0 0.0940507
1363 0 0.0438317
1364 0 0.0649969
1365 0 0.0237322
1366 0 0.132721
1367 0 0.0733433
1368 0 0.0384289
1369 0 0.0167508
1370 0 0.0142472
1371 0 0.0116491
1372 0 0.0252052
1373 0 0.0106579
1374 0 0.0177264
1375 0 0.0131345
1376 0 0.0281262
1377 0 0.0169037
1378 0 0.0136452
1379 0 0.0622768
1380 0 0.0131001
1381 0 0.0148679
1382 0 0.0130623
1383 0 0.0111383
1384 0 0.0227184
1385 0 0.0102183
1386 0 0.0162521
1387 0 0.0211685
1388 0 0.0705988
1389 0 0.0295068
1390 0 0.0290317
1391 0 0.0951371
1392 0 0.0100555
1393 0 0.06686780000000001
1394 0 0.0451188
1395 0 0.038475
1396 0 0.105587
1397 0 0.029828
1398 0 0.0311097
1399 0 0.0197373
1400 0 0.050163
1401 0 0.0261758
1402 0 0.0274123
1403 0 0.0675984
1404 0 0.00966381
1405 0 0.08007110000000001
1406 0 0.0449474
1407 0 0.02173
1408 0 0.0744512
1409 0 0.0841746
1410 0 0.0112724
1411 0 0.0528541
1412 0 0.118804
1413 0 0.0707236
1414 0 0.011995
1415 0 0.171884
1416 0 0.0201954
1417 0 0.0476047
1418 0 0.0367229
1419 0 0.0177867
1420 0 0.0444775
1421 0 0.0665992
1422 0 0.0109231
1423 0 0.0389668
1424 0 0.0363588
1425 0 0.0335758
1426 0 0.0161983
1427 0 0.0646105
1428 0 0.100934
1429 0 0.0524436
1430 0 0.0801091
1431 0 0.0512526
1432 0 0.0572095
1433 0 0.114093
1434 0 0.0283789
1435 0 0.0338331
1436 0 0.0321049
1437 0 0.0269597
1438 0 0.0152696
1439 0 0.0538687
1440 0 0.0810452
1441 0 0.662374
1442 0 0.9953070000000001
1443 0 0.798921
1444 0 0.878583
1445 0 0.984819
1446 0 0.57462
1447 0 0.263427
1448 0 0.28703
1449 0 0.476877
1450 0 0.284795
1451 0 0.455535
1452 0 0.49176
1453 0 0.262609
1454 0 0.312891
1455 0 0.317766
1456 0 0.217138
1457 0 0.308349
1458 0 0.236684
1459 0 0.225409
1460 0 0.239236
1461 0 0.226523
1462 0 0.173394
1463 0 0.233612
1464 0 0.180999
1465 0 0.0930531
1466 0 0.166647
1467 0 0.192119
1468 0 0.155525
1469 0 0.127511
1470 0 0.209671
1471 0 0.148936
1472 0 0.15972
1473 0 0.154987
1474 0 0.122032
1475 0 0.151143
1476 0 0.128622
1477 0 0.160086
1478 0 0.170385
1479 0 0.198241
1480 0 0.16625
1481 0 0.185977
1482 0 0.0722401
1483 0 0.116921
1484 0 0.166722
1485 0 0.113745
1486 0 0.143642
1487 0 0.0960367
1488 0 0.139031
1489 0 0.111607
1490 0 0.125856
1491 0 0.141355
1492 0 0.10167
1493 0 0.115943
1494 0 0.0532104
1495 0 0.106865
1496 0 0.110894
1497 0 0.0967455
1498 0 0.08720700000000001
1499 0 0.106353
1500 0 0.0367675
1501 0 0.102035
1502 0 0.133706
1503 0 0.0909797
1504 0 0.0546437
1505 0 0.0561289
1506 0 0.0918991
1507 0 0.0799175
1508 0 0.0897606
1509 0 0.06884179999999999
1510 0 0.0620544
1511 0 0.082847
1512 0 0.0309258
1513 0 0.0802755
1514 0 0.08616699999999999
1515 0 0.0606231
1516 0 0.063126
1517 0 0.0730978
1518 0 0.0413739
1519 0 0.0528202
1520 0 0.0682442
1521 0 0.06702039999999999
1522 0 0.0622539
1523 0 0.0449442
1524 0 0.09619809999999999
1525 0 0.0596795
1526 0 0.06421490000000001
1527 0 0.0520426
1528 0 0.0549369
1529 0 0.0625127
1530 0 0.0351668
1531 0 0.0803257
1532 0 0.167644
1533 0 0.055391
1534 0 0.119847
1535 0 0.145836
1536 0 0.0542578
1537 0 0.0862025
1538 0 0.0435494
1539 0 0.107878
1540 0 0.0930362
1541 0 0.0624811
1542 0 0.0789499
1543 0 0.0512656
1544 0 0.093055
1545 0 0.0430035
1546 0 0.0776385
1547 0 0.0965686
1548 0 0.0410864
1549 0 0.0701809
1550 0 0.0502111
1551 0 0.146761
1552 0 0.0515039
1553 0 0.09739490000000001
1554 0 0.107833
1555 0 0.0515419
1556 0 0.0751478
1557 0 0.06812020000000001
1558 0 0.0494302
1559 0 0.106316
1560 0 0.0599988
1561 0 0.054117
1562 0 0.0377797
1563 0 0.09935769999999999
1564 0 0.0410193
1565 0 0.0651279
1566 0 0.07204679999999999
1567 0 0.0513349
1568 0 0.033533
1569 0 0.09359149999999999
1570 0 0.0371086
1571 0 0.0603549
1572 0 0.0785317
1573 0 0.0399868
1574 0 0.0543223
1575 0 0.06429749999999999
1576 0 0.0372891
1577 0 0.0806053
1578 0 0.07576339999999999
1579 0 0.0448824
1580 0 0.0313255
1581 0 0.0723476
1582 0 0.0313321
1583 0 0.0451285
1584 0 0.0595145
1585 0 0.0323113
1586 0 0.0922796
1587 0 0.0272932
1588 0 0.08340640000000001
1589 0 0.08374470000000001
1590 0 0.0236805
1591 0 0.104963
1592 0 0.0436758
1593 0 0.0738481
1594 0 0.10449
1595 0 0.0288903
1596 0 0.0419312
1597 0 0.0239369
1598 0 0.0547842
1599 0 0.0255102
1600 0 0.0495164
1601 0 0.0642587
1602 0 0.022419
1603 0 0.0400725
1604 0 0.0695754
1605 0 0.0319904
1606 0 0.040739
1607 0 0.0714346
1608 0 0.0437163
1609 0 0.0204077
1610 0 0.0520877
1611 0 0.08061500000000001
1612 0 0.0285536
1613 0 0.0647192
1614 0 0.07358199999999999
1615 0 0.0410232
1616 0 0.0538437
1617 0 0.0264529
1618 0 0.0286417
1619 0 0.0558555
1620 0 0.0396086
1621 0 0.0475033
1622 0 0.0777143
1623 0 0.0233176
1624 0 0.0521256
1625 0 0.0388135
1626 0 0.0450854
1627 0 0.0496976
1628 0 0.0389303
1629 0 0.0744282
1630 0 0.0453342
1631 0 0.0532212
1632 0 0.0634214
1633 0 0.0415092
1634 0 0.0553899
1635 0 0.0214812
1636 0 0.0411035
1637 0 0.0316209
1638 0 0.0361631
1639 0 0.0521427
1640 0 0.0554335
1641 0 0.0248928
1642 0 0.038327
1643 0 0.0354382
1644 0 0.04616
1645 0 0.0492107
1646 0 0.0394058
1647 0 0.0525601
1648 0 0.0341561
1649 0 0.0528172
1650 0 0.0625527
1651 0 0.0419262
1652 0 0.0457155
1653 0 0.0229119
1654 0 0.0328587
1655 0 0.0292255
1656 0 0.0387824
1657 0 0.0170577
1658 0 0.0258899
1659 0 0.0199533
1660 0 0.0159069
1661 0 0.0242849
1662 0 0.0151895
1663 0 0.00871516
1664 0 0.0102527
1665 0 0.0252097
1666 0 0.0109978
1667 0 0.0338802
1668 0 0.0278259
1669 0 0.0140854
1670 0 0.0244295
1671 0 0.0188836
1672 0 0.0148068
1673 0 0.0230772
1674 0 0.0146141
1675 0 0.0325028
1676 0 0.0105584
1677 0 0.015923
1678 0 0.016336
1679 0 0.009277880000000001
1680 0 0.0128683
1681 0 0.0115471
1682 0 0.0139429
1683 0 0.013223
1684 0 0.0121286
1685 0 0.013716
1686 0 0.0139173
1687 0 0.0277368
1688 0 0.0101938
1689 0 0.0151652
1690 0 0.0155907
1691 0 0.00900778
1692 0 0.0120451
1693 0 0.0141105
1694 0 0.0572006
1695 0 0.0149533
1696 0 0.0306489
1697 0 0.0286942
1698 0 0.0234922
1699 0 0.0297134
1700 0 0.0100143
1701 0 0.0120952
1702 0 0.0263552
1703 0 0.00767177
1704 0 0.0126085
1705 0 0.0133921
1706 0 0.0468721
1707 0 0.0142368
1708 0 0.0251148
1709 0 0.023513
1710 0 0.0217171
1711 0 0.0228086
1712 0 0.029855
1713 0 0.0173183
1714 0 0.0261461
1715 0 0.0272572
1716 0 0.0164075
1717 0 0.0275076
1718 0 0.0238043
1719 0 0.0392043
1720 0 0.0210489
1721 0 0.0177137
1722 0 0.0249522
1723 4.222e-05 0.0157901
1724 0 0.0248375
1725 0 0.016566
1726 0 0.0217519
1727 0 0.0226763
1728 0 0.0153562
1729 0 0.0258748
1730 0 0.0218506
1731 0 0.0133392
1732 0 0.0147583
1733 0 0.0190828
1734 0 0.00902096
1735 0 0.00603256
1736 0 0.00908029
1737 0 0.0204937
1738 0 0.00758444
1739 0 0.0270308
1740 0 0.0236469
1741 0 0.00840222
1742 0 0.0207549
1743 0 0.0128836
1744 0 0.0140102
1745 0 0.0183085
1746 0 0.00878688
1747 0 0.0161297
1748 0 0.0197486
1749 0 0.0177084
1750 0 0.009432889999999999
1751 0 0.0190378
1752 0 0.0114871
1753 0 0.0117856
1754 0 0.0168284
1755 0 0.012062
1756 0 0.0131157
1757 0 0.0165588
1758 0 0.0253134
1759 0 0.0141188
1760 0 0.0185887
1761 0 0.0170629
1762 0 0.008981619999999999
1763 0 0.0176644
1764 0 0.0111135
1765 0 0.0266041
1766 0 0.0194114
1767 0 0.0166152
1768 0 0.0166358
1769 0 0.0159096
1770 0 0.0102891
1771 0 0.009473830000000001
1772 0 0.0181757
1773 0 0.0242988
1774 0 0.00615968
1775 0 0.0188009
1776 0 0.0201595
1777 0 0.0294103
1778 0 0.0174597
1779 0 0.0160455
1780 0 0.015334
1781 0 0.0150121
1782 0 0.00983358
1783 0 0.0244675
1784 0 0.0169507
1785 0 0.0150142
1786 0 0.0217629
1787 0 0.0166566
1788 0 0.0122625
1789 0 0.00778708
1790 0 0.0221528
1791 0 0.0104728
1792 0 0.0126921
1793 0 0.0238662
1794 0 0.0215132
1795 0 0.026969
1796 0 0.0159762
1797 0 0.0145141
1798 0 0.0198674
1799 0 0.0155721
1800 0 0.0117533
1801 0 0.871135
1802 0 0.986795
1803 0 0.566016
1804 0 0.920755
1805 0 0.968336
1806 0 0.682225
1807 0 0.464921
1808 0 0.479617
1809 0 0.500254
1810 0 0.372825
1811 0 0.619661
1812 0 0.523641
1813 0 0.280272
1814 0 0.299326
1815 0 0.229389
1816 0 0.383999
1817 0 0.312836
1818 0 0.268995
1819 0 0.306376
1820 0 0.235065
1821 0 0.146661
1822 0 0.28548
1823 0 0.241648
1824 0 0.179558
1825 0 0.166124
1826 0 0.186327
1827 0 0.204434
1828 0 0.149208
1829 0 0.363436
1830 0 0.201316
1831 0 0.151318
1832 0 0.154284
1833 0 0.10381
1834 0 0.20377
1835 0 0.159947
1836 0 0.126844
1837 0 0.17137
1838 0 0.159654
1839 0 0.104473
1840 0 0.149773
1841 0 0.259114
1842 0 0.08812780000000001
1843 0 0.1233
1844 0 0.122362
1845 0 0.07178660000000001
1846 0 0.182073
1847 0 0.311319
1848 0 0.125875
1849 0 0.09683170000000001
1850 0 0.118129
1851 0 0.0804367
1852 0 0.122201
1853 0 0.133043
1854 0 0.0697672
1855 0 0.106241
1856 0 0.105323
1857 0 0.0651201
1858 0 0.127736
1859 0 0.111153
1860 0 0.0545552
1861 0 0.0762381
1862 0 0.09077109999999999
1863 0 0.048033
1864 0 0.116624
1865 0 0.2681
1866 0 0.06764249999999999
1867 0 0.0797375
1868 0 0.084997
1869 0 0.0523218
1870 0 0.106196
1871 0 0.08565
1872 0 0.0462274
1873 0 0.08169170000000001
1874 0 0.0968275
1875 0 0.0368218
1876 0 0.0856248
1877 0 0.117764
1878 0 0.076863
1879 0 0.0920296
1880 0 0.0565263
1881 0 0.0946454
1882 0 0.0720605
1883 0 0.118969
1884 0 0.0838986
1885 0 0.0588684
1886 0 0.0774493
1887 0 0.0328606
1888 0 0.074952
1889 0 0.0854152
1890 0 0.0610734
1891 0 0.108197
1892 0 0.100788
1893 0 0.102673
1894 0 0.09419329999999999
1895 0 0.0862121
1896 0 0.19294
1897 0 0.0731865
1898 0 0.178486
1899 0 0.0817867
1900 0 0.110695
1901 0 0.09052300000000001
1902 0 0.0923663
1903 0 0.0440288
1904 0 0.0634599
1905 0 0.0734947
1906 0 0.06555370000000001
1907 0 0.0590437
1908 0 0.117304
1909 0 0.0641009
1910 0 0.133055
1911 0 0.110532
1912 0 0.0718517
1913 0 0.107756
1914 0 0.170483
1915 0 0.0863945
1916 0 0.104458
1917 0 0.07029290000000001
1918 0 0.0850641
1919 0 0.0965888
1920 0 0.0738226
1921 0 0.0533715
1922 0 0.08296389999999999
1923 0 0.0783447
1924 0 0.0514289
1925 0 0.0671894
1926 0 0.113042
1927 0 0.0648383
1928 0 0.0582352
1929 0 0.0832864
1930 0 0.0730223
1931 0 0.0769886
1932 0 0.114849
1933 0 0.09642149999999999
1934 0 0.06731379999999999
1935 0 0.0589357
1936 0 0.08434709999999999
1937 0 0.0813731
1938 0 0.0482786
1939 0 0.0567273
1940 0 0.0451155
1941 0 0.064827
1942 0 0.0592875
1943 0 0.0544666
1944 0 0.08658589999999999
1945 0 0.0366962
1946 0 0.0391611
1947 0 0.0201477
1948 0 0.0350152
1949 0 0.0382957
1950 0 0.0478292
1951 0 0.0492909
1952 0 0.0366437
1953 0 0.0403383
1954 0 0.0301595
1955 0 0.0534521
1956 0 0.0383558
1957 0 0.033885
1958 0 0.0360572
1959 0 0.0189862
1960 0 0.0330529
1961 0 0.0353838
1962 0 0.041285
1963 0 0.0386709
1964 0 0.0420186
1965 0 0.0438024
1966 0 0.0307818
1967 0 0.0345316
1968 0 0.0175228
1969 0 0.0284489
1970 0 0.0415533
1971 0 0.0306138
1972 0 0.0299757
1973 0 0.0551853
1974 0 0.0761728
1975 0 0.0350467
1976 0 0.0366505
1977 0 0.0351661
1978 0 0.0288551
1979 0 0.0322945
1980 0 0.0160473
1981 0 0.0696649
1982 0 0.060358
1983 0 0.08397739999999999
1984 0 0.06944649999999999
1985 0 0.124279
1986 0 0.0354584
1987 0 0.050268
1988 0 0.0436798
1989 0 0.139156
1990 0 0.0359409
1991 0 0.0582414
1992 0 0.0920979
1993 0 0.051477
1994 0 0.0465491
1995 0 0.0609535
1996 0 0.0523411
1997 0 0.077253
1998 0 0.032861
1999 0 0.0622707
2000 0 0.0483344
2001 0 0.0821308
2002 0 0.0405848
2003 0 0.08083220000000001
2004 0 0.0268972
2005 0 0.0425547
2006 0 0.0474542
2007 0 0.106337
2008 0 0.031309
2009 0 0.0241171
2010 0 0.0776691
2011 0 0.0526608
2012 0 0.0425657
2013 0 0.0653965
2014 0 0.0363128
2015 0 0.0575502
2016 0 0.0249917
2017 0 0.0319405
2018 0 0.0221256
2019 0 0.0192025
2020 0 0.0356333
2021 0 0.0246976
2022 0 0.0171367
2023 0 0.0108285
2024 0 0.0423938
2025 0 0.0272715
2026 0 0.0090708
2027 0 0.0408825
2028 0 0.0244402
2029 0 0.0255007
2030 0 0.0209958
2031 0 0.0158337
2032 0 0.0339174
2033 0 0.0234004
2034 0 0.0162695
2035 0 0.0206667
2036 0 0.0210711
2037 0 0.0350941
2038 0 0.0345831
2039 0 0.0301948
2040 0 0.0213594
2041 0 0.0327336
2042 0 0.0274046
2043 0 0.0197753
2044 0 0.0381969
2045 0 0.0149028
2046 0 0.0178037
2047 0 0.0184485
2048 0 0.018896
2049 0 0.0289086
2050 0 0.0322571
2051 0 0.0248729
2052 0 0.0201146
2053 0 0.0176739
2054 0 0.0168599
2055 0 0.0269782
2056 0 0.025828
2057 0 0.0284966
2058 0 0.0173472
2059 0 0.0215502
2060 0 0.0311578
2061 0 0.0208817
2062 0 0.0293586
2063 0 0.01247
2064 0 0.0124115
2065 0 0.0162782
2066 0 0.0157675
2067 0 0.0230797
2068 0 0.024304
2069 0 0.0260647
2070 0 0.0164018
2071 0 0.0147808
2072 0 0.0132004
2073 0 0.0205501
2074 0 0.0802021
2075 0 0.0353601
2076 0 0.02012
2077 0 0.0226542
2078 0 0.0293659
2079 0 0.0154527
2080 0 0.075015
2081 0 0.0117508
2082 0 0.0183758
2083 0 0.0138218
2084 0 0.0124769
2085 0 0.0180335
2086 0 0.0666248
2087 0 0.0321333
2088 0 0.0188784
2089 0 0.0154768
2090 0 0.0181866
2091 0 0.0116868
2092 0 0.0214251
2093 0 0.0184323
2094 0 0.0103179
2095 0 0.00769368
2096 0 0.0222205
2097 0 0.0204459
2098 0 0.0111178
2099 0 0.0193887
2100 0 0.020771
2101 0 0.0146476
2102 0 0.0174158
2103 0 0.0113458
2104 0 0.0208061
2105 0 0.0176932
2106 0 0.0100089
2107 0 0.0198536
2108 0 0.123195
2109 0 0.0144982
2110 0 0.0646999
2111 0 0.119319
2112 0 0.0281592
2113 0 0.06382110000000001
2114 0 0.0248053
2115 0 0.0166158
2116 0 0.11833
2117 0 0.0396808
2118 0 0.0150088
2119 0 0.0169011
2120 0 0.0751653
2121 0 0.013769
2122 0 0.0394755
2123 0 0.0728002
2124 0 0.0257564
2125 0 0.0161997
2126 0 0.0208143
2127 0 0.0215705
2128 0 0.0378054
2129 0 0.0186708
2130 0 0.0213544
2131 0 0.0192332
2132 0 0.0228099
2133 0 0.0109238
2134 0 0.0371311
2135 0 0.0141783
2136 0 0.011868
2137 0 0.0150193
2138 0 0.0187582
2139 0 0.0191822
2140 0 0.0334694
2141 0 0.0168264
2142 0 0.01899
2143 0 0.0527813
2144 0 0.0216827
2145 0 0.020518
2146 0 0.0508605
2147 0 0.0175392
2148 0 0.0345209
2149 0 0.02023
2150 0 0.0458727
2151 0 0.0124425
2152 0 0.0333856
2153 0 0.0446713
2154 0 0.0117419
2155 0 0.0421454
2156 0 0.0195689
2157 0 0.0180993
2158 0 0.0419903
2159 0 0.0158293
2160 0 0.0296154
2161 0 0.94216
2162 0 0.973481
2163 0 0.614595
2164 0 0.856541
2165 0 0.841764
2166 0 0.987567
2167 0 0.42948
2168 0 0.679189
2169 0 0.395277
2170 0 0.291211
2171 0 0.736841
2172 0 0.285992
2173 0 0.354861
2174 0 0.326396
2175 0 0.268349
2176 0 0.250747
2177 0 0.243818
2178 0 0.225353
2179 0 0.295757
2180 0 0.183541
2181 0 0.175156
2182 0 0.221942
2183 0 0.142183
2184 0 0.186416
2185 0 0.104628
2186 0 0.327129
2187 0 0.0690805
2188 0 0.113517
2189 0 0.395471
2190 0 0.0769556
2191 0 0.19813
2192 0 0.12845
2193 0 0.125746
2194 0 0.127525
2195 0 0.0858966
2196 0 0.11796
2197 0 0.172754
2198 0 0.104385
2199 0 0.08857370000000001
2200 0 0.171792
2201 0 0.115512
2202 0 0.10271
2203 0 0.08900470000000001
2204 0 0.312292
2205 0 0.0468316
2206 0 0.10316
2207 0 0.260044
2208 0 0.0470755
2209 0 0.126253
2210 0 0.0618819
2211 0 0.0661803
2212 0 0.103865
2213 0 0.0766588
2214 0 0.0778894
2215 0 0.141872
2216 0 0.0327347
2217 0 0.0804155
2218 0 0.124413
2219 0 0.0481435
2220 0 0.0676406
2221 0 0.105666
2222 0 0.211387
2223 0 0.0373585
2224 0 0.0320244
2225 0 0.176217
2226 0 0.0464639
2227 0 0.104281
2228 0 0.0276475
2229 0 0.0676023
2230 0 0.0873651
2231 0 0.0406617
2232 0 0.0589459
2233 0 0.08844730000000001
2234 0 0.0809044
2235 0 0.251322
2236 0 0.0641557
2237 0 0.0499304
2238 0 0.0508413
2239 0 0.217783
2240 0 0.147535
2241 0 0.0271344
2242 0 0.0498214
2243 0 0.121796
2244 0 0.0217089
2245 0 0.056185
2246 0 0.0436638
2247 0 0.135638
2248 0 0.0527385
2249 0 0.0425887
2250 0 0.0453801
2251 0 0.0639473
2252 0 0.246423
2253 0 0.302999
2254 0 0.0480081
2255 0 0.101507
2256 0 0.0672489
2257 0 0.143658
2258 0 0.129944
2259 0 0.0354087
2260 0 0.0759688
2261 0 0.0466507
2262 0 0.127788
2263 0 0.0560598
2264 0 0.131289
2265 0 0.1869
2266 0 0.0425394
2267 0 0.0685958
2268 0 0.0528238
2269 0 0.109999
2270 0 0.124015
2271 0 0.169428
2272 0 0.0974146
2273 0 0.07672370000000001
2274 0 0.09834759999999999
2275 0 0.104313
2276 0 0.142402
2277 0 0.0731362
2278 0 0.0728755
2279 0 0.060455
2280 0 0.105905
2281 0 0.0704939
2282 0 0.0839809
2283 0 0.104804
2284 0 0.0768117
2285 0 0.0546703
2286 0 0.0648818
2287 0 0.136865
2288 0 0.106238
2289 0 0.10723
2290 0 0.0936403
2291 0 0.0490853
2292 0 0.0751462
2293 0 0.0974312
2294 0 0.119892
2295 0 0.0580619
2296 0 0.0683951
2297 0 0.0463471
2298 0 0.0943949
2299 0 0.0931912
2300 0 0.0778645
2301 0 0.0783436
2302 0 0.0745967
2303 0 0.0410925
2304 0 0.0577822
2305 0 0.0329464
2306 0 0.145914
2307 0 0.0319128
2308 0 0.0388192
2309 0 0.0288426
2310 0 0.0219312
2311 0 0.125983
2312 0 0.0681293
2313 0 0.0329891
2314 0 0.0215792
2315 0 0.0515219
2316 0 0.0498003
2317 0 0.0310226
2318 0 0.110236
2319 0 0.0277738
2320 0 0.0360745
2321 0 0.0256192
2322 0 0.0206967
2323 0 0.168541
2324 0 0.295924
2325 0 0.0506896
2326 0 0.0407278
2327 0 0.0529508
2328 0 0.024873
2329 0 0.203976
2330 0 0.0457864
2331 0 0.0203086
2332 0 0.0431073
2333 0 0.0386038
2334 0 0.183365
2335 0 0.0993889
2336 0 0.186479
2337 0 0.0333545
2338 0 0.0340523
2339 0 0.0348424
2340 0 0.0233882
2341 0 0.0461275
2342 0 0.252952
2343 0 0.0607123
2344 0 0.0351899
2345 0 0.0817254
2346 0 0.0534739
2347 0 0.15147
2348 0 0.069947
2349 0 0.06883499999999999
2350 0 0.0222144
2351 0 0.0682335
2352 0 0.118122
2353 0 0.0435129
2354 0 0.163212
2355 0 0.0425473
2356 0 0.0305656
2357 0 0.0577728
2358 0 0.0453122
2359 0 0.164212
2360 0 0.139729
2361 0 0.07512190000000001
2362 0 0.149754
2363 0 0.0499879
2364 0 0.08713
2365 0 0.107171
2366 0 0.107939
2367 0 0.0456788
2368 0 0.0337913
2369 0 0.102461
2370 0 0.0945748
2371 0 0.120227
2372 0 0.105562
2373 0 0.0489026
2374 0 0.111113
2375 0 0.0402288
2376 0 0.0567195
2377 0 0.0260492
2378 0 0.0806132
2379 0 0.0431173
2380 0 0.0494629
2381 0 0.0779403
2382 0 0.0568648
2383 0 0.0710321
2384 0 0.08441319999999999
2385 0 0.0193209
2386 0 0.06874230000000001
2387 0 0.0861425
2388 0 0.0361552
2389 0 0.0196745
2390 0 0.0608941
2391 0 0.0366207
2392 0 0.0373584
2393 0 0.058875
2394 0 0.0426348
2395 0 0.0302282
2396 0 0.0615372
2397 0 0.0413235
2398 0 0.0335151
2399 0 0.0550779
2400 0 0.0372323
2401 0 0.056594
2402 0 0.0625681
2403 0 0.0251364
2404 0 0.0552778
2405 0 0.03071
2406 0 0.0129496
2407 0 0.0232742
2408 0 0.0502911
2409 0 0.0344776
2410 0 0.0277422
2411 0 0.0445215
2412 0 0.0310642
2413 0 0.0232111
2414 0 0.0456008
2415 0 0.0314994
2416 0 0.0256483
2417 0 0.0408739
2418 0 0.0283221
2419 0 0.043036
2420 0 0.0428988
2421 0 0.0173209
2422 0 0.0387851
2423 0 0.0255581
2424 0 0.0141953
2425 0 0.0209353
2426 0 0.0387844
2427 0 0.0273605
2428 0 0.0239648
2429 0 0.034764
2430 0 0.0246007
2431 0 0.0347662
2432 0 0.0363659
2433 0 0.0432779
2434 0 0.0349016
2435 0 0.0328482
2436 0 0.0284545
2437 0 0.034582
2438 0 0.0486931
2439 0 0.0306166
2440 0 0.0317811
2441 0 0.0504674
2442 0 0.0435839
2443 0 0.029202
2444 0 0.0317922
2445 0 0.0372375
2446 0 0.0294314
2447 0 0.0285789
2448 0 0.0253269
2449 0 0.0162111
2450 0 0.0290093
2451 0 0.0199024
2452 0 0.0149281
2453 0 0.0301051
2454 0 0.0232805
2455 0 0.0267269
2456 0 0.0417598
2457 0 0.00753599
2458 0 0.0261845
2459 0 0.0422271
2460 0 0.00774706
2461 0 0.0157167
2462 0 0.025811
2463 0 0.0181415
2464 0 0.0144425
2465 0 0.0267861
2466 0 0.0204181
2467 0 0.0134608
2468 0 0.108868
2469 0 0.0226191
2470 0 0.0415453
2471 0 0.0297543
2472 0 0.0616557
2473 0 0.126908
2474 0 0.0925031
2475 0 0.0153479
2476 0 0.0329942
2477 0 0.0397995
2478 0 0.0127605
2479 0 0.0123375
2480 0 0.0711019
2481 0 0.0214707
2482 0 0.0357753
2483 0 0.0263051
2484 0 0.0402673
2485 0 0.08236300000000001
2486 0 0.0298084
2487 0 0.0231349
2488 0 0.0148655
2489 0 0.0291042
2490 0 0.0411122
2491 0 0.0675524
2492 0 0.0341291
2493 0 0.010532
2494 0 0.0317155
2495 0 0.0346844
2496 0 0.0118334
2497 0 0.0490065
2498 0 0.0258671
2499 0 0.018675
2500 0 0.0144231
2501 0 0.0252561
2502 0 0.0331867
2503 0 0.0638696
2504 0 0.0352606
2505 0 0.0355243
2506 0 0.0243648
2507 0 0.0342445
2508 0 0.0254018
2509 0 0.067554
2510 0 0.0538521
2511 0 0.0504023
2512 0 0.0333527
2513 0 0.148416
2514 0 0.0417481
2515 0 0.0502416
2516 0 0.0307578
2517 0 0.0315284
2518 0 0.0198209
2519 0 0.0296517
2520 0 0.0239072
